2208.0 2234.0 4.69039687493e-06 0.000614225494342
2234.0 2261.0 5.02736442497e-06 0.00063453033136
              5.02736442497e-06

2261.0 2287.0 4.8635798195e-06 0.000619702663688
2287.0 2314.0 5.09041404654e-06 0.000630248389677
2314.0 2340.0 4.42313698672e-06 0.000526338965753
2340.0 2367.0 4.75031771233e-06 0.000574028439384
2367.0 2393.0 4.42773713217e-06 0.000534685116797
2393.0 2420.0 4.73063931058e-06 0.000558710808046
2420.0 2446.0 5.32478927528e-06 0.000561247404878
2446.0 2473.0 5.89837344649e-06 0.000589620267043
2473.0 2499.0 4.54425691841e-06 0.000542827930923
2499.0 2526.0 4.8391458584e-06 0.000568344142364
2526.0 2552.0 5.36389113799e-06 0.000529574577936
2552.0 2579.0 7.83295691429e-06 0.00057970392494
2579.0 2605.0 7.50105997222e-06 0.000562180844923
2605.0 2632.0 8.03048106294e-06 0.000571858935494
2632.0 2658.0 1.79107939728e-05 0.000611181690132
2658.0 2685.0 1.75899844016e-05 0.000620712745687
2685.0 2711.0 1.67150982822e-05 0.000588385778829
2711.0 2738.0 1.20664982408e-05 0.000596430663172
2738.0 2764.0 1.08113184599e-05 0.000539750830379
              1.08113184599e-05
