1.1515012e-03 1.1515012e-03
3.4075034e-03 3.4075034e-03
5.5200055e-03 5.5200055e-03
7.8725079e-03 7.8725079e-03
1.0128510e-02 1.0128510e-02
1.2098012e-02 1.2098012e-02
1.4593515e-02 1.4593515e-02
1.6468016e-02 1.6468016e-02
1.9058519e-02 1.9058519e-02
2.1314521e-02 2.1314521e-02
2.3046023e-02 2.3046023e-02
2.5779526e-02 2.5779526e-02
2.8035528e-02 2.8035528e-02
2.9624030e-02 2.9624030e-02
3.2500533e-02 3.2500533e-02
3.3994034e-02 3.3994034e-02
3.6965537e-02 3.6965537e-02
3.9221539e-02 3.9221539e-02
4.0572041e-02 4.0572041e-02
4.3686544e-02 4.3686544e-02
4.4942045e-02 4.4942045e-02
